FORMAT
<SEMIPRIME>: [<FACTORS>, <NQUBITS>, <NGATES>, <NITERATIONS>, <TOTAL_EXECUTION_TIME>]

{143: [(13, 11), 6, 11, 8, 4.088525772094727],
 899: [(29, 31), 8, 14, 5, 3.3208982944488525],
 3127: [(59, 53), 10, 17, 29, 19.88026237487793],
 11009: [(109, 101), 12, 20, 2, 1.4208705425262451],
 47053: [(223, 211), 14, 23, 3, 2.876621961593628],
 167659: [(431, 389), 16, 26, 116, 151.3420605659485],
 744647: [(821, 907), 18, 29, 98, 148.74523377418518],
 3036893: [(1777, 1709), 20, 32, 97, 199.8329257965088],
 11426971: [(3191, 3581), 22, 35, 36, 109.38548350334167],
 58949987: [(7333, 8039), 24, 38, 136, 382.4354407787323]}